1945.0	2.0
1946.0	2.0
1946.0	18.0
1946.0	1.0
1947.0	10.0
1948.0	2.0
1949.0	3.0
1950.0	1.0
1961.0	3.0
1962.0	1.0
1963.0	2.0
1964.0	5.0
1964.0	3.0
1964.0	1.0
1965.0	2.0
1965.0	29.0
1965.0	1.0
1965.0	1.0
1965.0	1.0
1966.0	2.0
1966.0	7.0
1966.0	14.0
1966.0	1.0
1966.0	3.0
1966.0	2.0
1967.0	4.0
1967.0	1.0
1967.0	1.0
1967.0	1.0
1967.0	6.0
1967.0	2.0
1967.0	1.0
1968.0	1.0
1968.0	3.0
1968.0	12.0
1969.0	14.0
1969.0	1.0
1969.0	5.0
1970.0	3.0
1970.0	13.0
1970.0	1.0
1970.0	1.0
1972.0	1.0
1972.0	2.0
1972.0	2.0
1973.0	1.0
1974.0	1.0
1974.0	1.0
1974.0	4.0
1974.0	11.0
1975.0	5.0
1975.0	4.0
1975.0	3.0
1975.0	1.0
1975.0	3.0
1975.0	1.0
1975.0	6.0
1975.0	3.0
1975.0	10.0
1975.0	4.0
1976.0	4.0
1976.0	1.0
1976.0	3.0
1976.0	3.0
1976.0	1.0
1976.0	3.0
1976.0	3.0
1976.0	1.0
1976.0	3.0
1976.0	2.0
1976.0	20.0
1976.0	3.0
1976.0	2.0
1976.0	4.0
1977.0	1.0
1977.0	8.0
1977.0	12.0
1978.0	2.0
1978.0	1.0
1978.0	2.0
1978.0	3.0
1978.0	4.0
1978.0	1.0
1978.0	1.0
1978.0	1.0
1979.0	2.0
1979.0	1.0
1979.0	1.0
1979.0	1.0
1979.0	1.0
1980.0	3.0
1980.0	5.0
1980.0	2.0
1980.0	1.0
1980.0	1.0
1980.0	2.0
1980.0	5.0
1980.0	2.0
1980.0	7.0
1980.0	4.0
1981.0	3.0
1981.0	33.0
1981.0	11.0
1981.0	4.0
1981.0	5.0
1981.0	5.0
1981.0	3.0
1982.0	6.0
1982.0	3.0
1982.0	2.0
1982.0	1.0
1982.0	6.0
1982.0	1.0
1982.0	5.0
1982.0	5.0
1982.0	3.0
1983.0	1.0
1983.0	8.0
1983.0	30.0
1983.0	7.0
1983.0	10.0
1983.0	4.0
1983.0	11.0
1983.0	7.0
1984.0	9.0
1984.0	3.0
1984.0	4.0
1985.0	2.0
1985.0	4.0
1985.0	2.0
1985.0	2.0
1985.0	1.0
1985.0	12.0
1985.0	11.0
1985.0	10.0
1985.0	6.0
1985.0	2.0
1985.0	1.0
1985.0	1.0
1985.0	6.0
1985.0	1.0
1985.0	7.0
1986.0	2.0
1986.0	4.0
1986.0	9.0
1986.0	5.0
1986.0	8.0
1986.0	1.0
1986.0	1.0
1986.0	1.0
1986.0	2.0
1986.0	2.0
1987.0	7.0
1987.0	2.0
1987.0	9.0
1987.0	1.0
1987.0	6.0
1987.0	6.0
1987.0	2.0
1987.0	2.0
1987.0	5.0
1987.0	4.0
1988.0	2.0
1988.0	2.0
1988.0	8.0
1988.0	5.0
1988.0	2.0
1988.0	4.0
1988.0	1.0
1988.0	4.0
1988.0	1.0
1988.0	9.0
1988.0	3.0
1988.0	3.0
1988.0	3.0
1988.0	2.0
1988.0	1.0
1989.0	5.0
1989.0	4.0
1989.0	1.0
1989.0	8.0
1989.0	1.0
1989.0	10.0
1989.0	6.0
1989.0	1.0
1989.0	9.0
1989.0	2.0
1989.0	1.0
1989.0	5.0
1989.0	5.0
1989.0	1.0
1989.0	7.0
1989.0	12.0
1990.0	2.0
1990.0	7.0
1990.0	2.0
1990.0	3.0
1990.0	5.0
1991.0	3.0
1991.0	1.0
1991.0	4.0
1991.0	2.0
1991.0	5.0
1991.0	3.0
1991.0	10.0
1991.0	2.0
1991.0	5.0
1991.0	4.0
1992.0	16.0
1992.0	2.0
1992.0	1.0
1992.0	15.0
1992.0	10.0
1992.0	3.0
1992.0	3.0
1993.0	2.0
1993.0	1.0
1993.0	2.0
1993.0	3.0
1993.0	4.0
1993.0	10.0
1993.0	5.0
1993.0	4.0
1993.0	5.0
1993.0	1.0
1993.0	3.0
1993.0	2.0
1993.0	2.0
1993.0	20.0
1993.0	1.0
1994.0	3.0
1994.0	8.0
1994.0	2.0
1994.0	8.0
1994.0	1.0
1994.0	5.0
1994.0	3.0
1994.0	1.0
1994.0	2.0
1994.0	2.0
1995.0	1.0
1995.0	1.0
1995.0	2.0
1995.0	5.0
1995.0	1.0
1995.0	3.0
1995.0	2.0
1995.0	6.0
1995.0	1.0
1996.0	1.0
1996.0	1.0
1996.0	3.0
1996.0	9.0
1996.0	3.0
1996.0	2.0
1996.0	4.0
1997.0	6.0
1997.0	4.0
1997.0	4.0
1997.0	2.0
1997.0	1.0
1997.0	4.0
