1976	19809
1976	324
1976	83
1976	76
1976	49
1976	28
1976	27
1976	19
1976	16
1976	10
1976	11
1976	10
1976	10
1976	9
1976	7
1976	6
1975	22399
1975	919
1975	354
1975	29
1975	27
1975	22
1975	20
1975	15
1975	12
1975	9
1975	5
1975	5
1974	6451
1974	241
1974	173
1974	159
1974	141
1974	128
1974	19
1974	11
1974	9
1974	8
1974	5
1974	3
1974	2
1974	1
1974	0
1973	6433
1973	181
1973	21
1973	18
1973	15
1973	4
1972	18683
1972	18
1972	11
1972	2
1972	2
1972	0
1971	18225
1971	4988
1971	84
1971	22
1971	19
1971	14
1971	10
1971	4
1971	1
1970	6130
1970	93
1970	49
1970	40
1970	19
1970	12
1970	10
1970	5
1970	4
1970	1
1970	0
1969	19053
1969	111
1969	59
1969	65
1969	42
1969	33
1969	11
1969	13
1968	10112
1968	21
1968	15
1968	12
1968	3
1968	3
1967	12343
1967	257
1967	169
1967	9
1967	10
1967	7
1967	3
1967	3
1967	2
1967	2
1966	13844
1966	427
1965	17679
1965	367
1965	296
1965	69
1965	18
1965	14
1965	13
1965	10
1965	9
1965	0
1964	17846
1964	7
1964	2
1964	2
1963	15786
1963	375
1963	4
1962	23472
1962	17
1962	15
1962	14
1962	13
1962	12
1961	9552
1961	2587
1961	605
1961	10
1961	1
1960	7346
1960	69
1960	42
1960	21
1960	1
1959	20291
1959	94
1959	54
1959	0
1958	399
1958	45
1958	36
1958	8
1958	1
1957	29783
1957	8431
1957	166
1957	17
1957	5
1957	4
1957	1
1956	13163
1956	1363
1956	27
1956	12
1956	1
1955	13983
1954	6319
1954	2354
1954	129
1954	78
1954	20
1954	3
1953	20349
1953	17052
1953	171
1953	154
1953	20
1953	6
1953	0
1952	16423
1952	13428
1952	8585
1952	1773
1952	965
1952	9
1952	3
1952	2
1952	1
1952	1
1952	0
1951	10609
1951	2404
1951	247
1951	59
1951	26
1951	7
1951	5
1951	5
1951	4
1951	3
1951	0
1950	30945
1950	49
1950	23
1950	9
1950	9
1950	5
1949	20849
1949	17
1948	9553
1948	3112
1948	492
1948	14
1948	11
1948	2
1947	11860
1947	794
1947	87
1947	87
1947	33
1947	34
1947	31
1947	26
1947	25
1947	1
1946	13562
1946	2189
1946	19
1946	3
1946	2
1945	9
1945	4
1945	4
1944	12619
1944	11679
1944	10038
1944	9609
1944	968
1944	609
1944	231
1944	26
1944	19
1944	1
1943	1230
1943	1
1942	43589
1942	25390
1942	18945
1942	75
1942	19
1942	2
1942	1
1942	1
1941	32706
1941	13431
1941	23
1940	15680
1940	15314
1940	467
1940	110
1940	18
1940	2
1940	2
1940	1
1940	0
1939	473000
1939	10757
1939	4507
1939	262
1939	38
1939	37
1939	20
1939	11
1938	24557
1938	23372
1938	36
1938	27
1938	21
1938	10
1938	5
1938	0
1937	75025
1937	14077
1937	9521
1937	320
1937	101
1937	124
1937	89
1937	35
1937	23
1936	58812
1936	25075
1936	23506
1936	517
1936	24
1936	9
1936	4
1936	3
1935	21262
1935	2225
1935	276
1935	158
1935	54
1935	12
1935	1
1934	184247
1934	13167
1934	13254
1934	11395
1934	2428
1934	572
1934	79
1934	65
1934	25
1934	6
1934	6
1934	2
1934	2
1933	19192
1933	3332
1933	981
1933	180
1933	52
1933	41
1933	22
1933	3
1933	4
1932	23806
1932	14616
1932	348
1932	281
1932	183
1932	27
1932	2
1931	9125
1931	3682
1931	14
1931	6
1930	102120
1930	8235
1930	1719
1930	67
1930	30
1930	34
1929	12091
1929	9871
1929	240
1929	224
1929	104
1929	37
1929	38
1929	12
1928	21670
1928	14
1928	1
1927	22104
1927	237
1927	72
1927	2
1926	86987
1926	111
1926	93
1926	72
1926	38
1925	10885
1925	97
1925	2
1924	59990
1924	30168
1924	263
1924	95
1924	93
1924	22
1924	5
1923	24707
1923	401
1923	360
1923	304
1923	228
1923	158
1923	92
1923	48
1923	19
1922	27410
1920	153784
1920	1703
