1924.0	48917.0
1931.0	286.0
1931.0	29.0
1932.0	753.0
1933.0	41455.0
1934.0	15236.0
1934.0	5.0
1935.0	4006.0
1935.0	1.0
1936.0	11496.0
1936.0	48.0
1937.0	9340.0
1938.0	26676.0
1939.0	8355.0
1940.0	188.0
1940.0	46.0
1940.0	3.0
1941.0	773.0
1941.0	484.0
1941.0	156.0
1941.0	30.0
1941.0	7.0
1942.0	101.0
1944.0	29.0
1945.0	2017893.0
1946.0	5441.0
1946.0	2912.0
1946.0	2961.0
1946.0	697.0
1946.0	105.0
1946.0	70.0
1946.0	18.0
1947.0	299.0
1947.0	21.0
1947.0	3.0
1948.0	33.0
1948.0	1.0
1949.0	2100780.0
1949.0	40.0
1949.0	37.0
1949.0	29.0
1949.0	5.0
1949.0	1.0
1950.0	121651.0
1950.0	6072.0
