1970.0	87901.0
1970.0	20.0
1972.0	17238.0
1972.0	14601.0
1972.0	26348.0
1972.0	150919.0
1972.0	17086.0
1972.0	262.0
1972.0	24464.0
1972.0	1975.0
1972.0	10.0
1972.0	1296.0
1972.0	7765.0
1972.0	87053.0
1972.0	22818.0
1972.0	246.0
1972.0	16956.0
1972.0	30379.0
1972.0	19150.0
1972.0	17461.0
1972.0	212.0
1973.0	11392.0
1973.0	10777.0
1973.0	17529.0
1973.0	22541.0
1973.0	10.0
1973.0	8597.0
1973.0	33.0
1973.0	12.0
1973.0	9.0
1973.0	10508.0
1973.0	6058.0
1973.0	205.0
1973.0	10612.0
1973.0	2.0
1973.0	10537.0
1973.0	67.0
1973.0	7.0
1973.0	6066.0
1973.0	1969.0
1973.0	11300.0
1973.0	31.0
1973.0	825.0
1973.0	24532.0
1973.0	16.0
1975.0	25014.0
1975.0	14408.0
1975.0	13504.0
1975.0	69290.0
1975.0	14653.0
1975.0	20788.0
1975.0	14713.0
1975.0	12610.0
1975.0	5904.0
1975.0	16549.0
1976.0	42.0
1976.0	68.0
1977.0	12.0
1977.0	48829.0
1978.0	15.0
1978.0	11914.0
1978.0	15.0
1978.0	5.0
1978.0	163.0
1979.0	372836.0
1979.0	10045.0
1979.0	211119.0
1979.0	26947.0
1979.0	23.0
1979.0	429215.0
1979.0	372836.0
1979.0	26.0
1979.0	174.0
1979.0	101276.0
1979.0	372836.0
1979.0	4861.0
1979.0	91054.0
1979.0	2.0
1981.0	802.0
1981.0	2579.0
1981.0	3744.0
1981.0	3567.0
1982.0	64.0
1982.0	20047.0
1982.0	9.0
1982.0	57.0
1982.0	225.0
1982.0	1.0
1982.0	30.0
1982.0	53.0
1982.0	1998.0
1982.0	47.0
1982.0	159.0
1982.0	1088572.0
1982.0	935690.0
1982.0	39.0
1982.0	15194.0
1982.0	4.0
1982.0	41.0
1982.0	6.0
1982.0	4.0
1982.0	372836.0
1982.0	4.0
1982.0	154.0
1982.0	6.0
1982.0	196.0
1982.0	1969.0
1982.0	19044.0
1982.0	37.0
1982.0	1.0
1982.0	2.0
1982.0	37.0
1982.0	2.0
1982.0	1.0
1982.0	33.0
1982.0	33829.0
1982.0	27.0
1982.0	980574.0
1982.0	9.0
1982.0	1692.0
1982.0	106.0
1982.5	6.0
1983.0	7336.0
1983.0	1314.0
1983.0	1.0
1983.0	2.0
1983.0	44506.0
1983.0	44506.0
1983.0	57.0
1983.0	3.0
1983.0	4.0
1983.0	56779.0
1983.0	3.0
1983.0	82455.0
1983.0	988.0
1983.0	1838.0
1983.0	1911.0
1984.0	272.0
1984.0	14164.0
1984.0	3881.0
1984.0	6668.0
1984.0	19437.0
1984.0	24532.0
1984.0	42.0
1984.0	1253.0
1984.0	19437.0
1984.0	2190.0
1984.0	17529.0
1984.0	8631.0
1984.0	11768.0
1984.0	1168.0
1984.0	22541.0
1984.0	87053.0
1984.0	10.0
1984.0	8631.0
1984.0	3255.0
1984.0	25014.0
1984.0	31.0
1984.0	17461.0
1984.0	286.0
1984.0	22818.0
1984.0	1739.0
1984.0	371.0
1984.0	4602.0
1984.0	5382.0
1984.0	3677.0
1984.0	1.0
1984.0	291.0
1984.0	1911.0
1984.0	196.0
1984.0	240.0
1984.0	707.0
1986.0	20047.0
1986.0	23.0
1986.0	30.0
1986.0	626.0
1986.0	20.0
1986.0	3529.0
1986.0	1660.0
1986.0	1750.0
1986.0	894.0
1986.0	13436.0
1986.0	137.0
1986.0	372836.0
1986.0	406.0
1986.0	415.0
1986.0	2790.0
1986.0	7765.0
1986.0	211119.0
1986.0	317.0
1986.0	3695.0
1986.0	264.0
1986.0	4792.0
1986.0	827.0
1986.0	409.0
1986.0	3013.0
1986.0	1780.0
1987.0	662.0
1987.0	604341.0
1987.0	417.0
1987.0	34.0
1987.0	427218.0
1987.0	2.0
1987.0	56.0
1987.0	206.0
1987.0	975.0
1987.0	190375.0
1987.0	105623.0
1987.0	1.0
1987.0	34.0
1987.0	1630.0
1987.0	53.0
1987.0	262.0
1987.0	46.0
1987.0	2978.0
1987.0	71.0
1987.0	1794.0
1987.0	1374.0
1987.0	18.0
1987.0	1182.0
1987.0	6.0
1987.0	536854.0
1987.0	60.0
1987.0	24.0
1987.0	1.0
1987.0	24.0
1987.0	1.0
1987.0	588652.0
1987.0	31.0
1987.0	273.0
1987.0	43.0
1987.0	35.0
1987.0	42.0
1988.0	54.0
1988.0	17529.0
1988.0	4038.0
1988.0	1602.0
1988.0	96.0
1988.0	69.0
1988.0	3.0
1988.0	98.0
1988.0	326.0
1988.0	14.0
1988.0	7.0
1988.0	19.0
1988.0	112.0
1988.0	2.0
1988.0	31.0
1988.0	11.0
1988.0	563.0
1988.0	18.0
1988.0	1.0
1988.0	8.0
1988.0	12610.0
1988.0	326.0
1988.0	4601.0
1988.0	8.0
1988.0	2.0
1988.0	7.0
1988.0	147.0
1988.0	27.0
1988.0	20.0
1988.0	690.0
1988.0	101.0
1988.0	24.0
1988.0	11.0
1988.0	291.0
1988.0	325.0
1988.0	11.0
1988.0	213.0
1988.0	10508.0
1988.0	70.0
1988.0	73.0
1988.0	8.0
1988.0	1113.0
1988.0	10.0
1988.0	2256.0
1988.0	2.0
1988.0	3744.0
1988.0	325.0
1988.0	122.0
1988.0	23.0
1988.0	517.0
1988.0	109.0
1988.0	104131.0
1988.0	290.0
1988.0	1.0
1988.0	67046.0
1988.0	8.0
1988.0	3565.0
1988.0	760.0
1988.0	344.0
1988.0	197.0
1988.0	226.0
1988.0	41037.0
1988.0	1.0
1988.0	7.0
1988.0	7.0
1988.0	374.0
1988.0	91.0
1988.0	14408.0
1988.0	11.0
1988.0	25.0
1988.0	704.0
1988.0	235.0
1988.0	10.0
1988.0	5.0
1988.0	1660.0
1988.0	8.0
1988.0	9.0
1988.0	202.0
1988.0	7.0
1988.0	290.0
1988.0	37.0
1988.0	526.0
1988.0	8.0
1988.0	22.0
1988.0	23.0
1988.0	56.0
1988.0	3.0
1988.0	69290.0
1988.0	1326.0
1988.0	24532.0
1988.0	9.0
1988.0	3.0
1988.0	20788.0
1988.0	46.0
1988.0	1411.0
1988.917	344.0
1988.917	19321.0
1989.0	1300.0
1989.0	2.0
1990.0	8.0
1991.0	1580.0
1991.0	103.0
1991.0	11591.0
1991.0	430.0
1991.0	259.0
1991.0	269.0
1991.0	380.0
1991.0	183324.0
1991.0	19.0
1991.0	216.0
1991.0	137876.0
1991.0	4.0
1991.0	23272.0
1991.0	82147.0
1991.0	638798.0
1991.0	379.0
1991.0	461.0
1991.0	10.0
1991.0	6.0
1991.0	256.0
1991.0	7.0
1991.0	381189.0
1991.0	308139.0
1991.0	379.0
1991.0	87757.0
1991.0	4478.0
1991.0	84619.0
1991.0	182.0
1991.0	153.0
1991.0	75947.0
1991.0	155.0
1991.0	98111.0
1991.0	151261.0
1991.0	56.0
1991.0	72.0
1991.0	2.0
1991.0	2.0
1991.0	303.0
1991.0	13859.0
1991.0	591.0
1992.0	1088572.0
1992.0	192.0
1992.0	6.0
1992.0	372836.0
1992.0	427218.0
1992.0	536854.0
1992.0	304.0
1992.0	2376.0
1992.0	421.0
1992.0	2561.0
1992.0	18.0
1992.917	554.0
1992.917	517.0
1993.0	29.0
1993.0	280.0
1993.0	8.0
1993.0	3.0
1993.0	2900.0
1993.0	2800.0
1993.0	413.0
1993.0	10.0
1993.0	163.0
1993.0	13.0
1993.0	39.0
1993.0	4001.0
1993.0	325.0
1993.0	582.0
1993.0	288.0
1993.0	10.0
1993.0	286.0
1993.0	38.0
1993.0	292.0
1993.0	372836.0
1993.0	252.0
1993.0	2318.0
1993.0	7.0
1993.0	293.0
1993.75	99.0
1993.75	424.0
1993.75	864.0
1993.75	405.0
1993.75	159.0
1993.75	132.0
1993.75	77.0
1993.75	92.0
1994.0	216.0
1994.0	1692.0
1994.0	1580.0
1994.0	175.0
1994.0	130.0
1994.0	326.0
1995.0	351961.0
1995.0	18.0
1995.0	1389.0
1995.0	17424.0
1995.0	133.0
1995.0	43.0
1995.0	229.0
1995.0	25.0
1995.0	3.0
1995.0	31.0
1995.0	67173.0
1995.0	401.0
1995.0	664.0
1995.0	8019.0
1995.0	318.0
1995.0	329740.0
1995.0	1068.0
1995.0	144.0
1995.0	445.0
1995.0	205.0
1995.0	65977.0
1995.0	49.0
1995.0	565.0
1995.0	83.0
1995.0	8.0
1995.0	46.0
1995.0	51337.0
1995.0	94.0
1995.0	3715.0
1995.0	35.0
1995.0	11.0
1995.0	337.0
1995.0	77000.0
1995.0	6.0
1995.0	493.0
1995.0	354.0
1995.0	20.0
1995.0	10840.0
1995.0	69727.0
1995.0	67673.0
1995.0	15.0
1995.0	331348.0
1995.0	232.0
1995.0	1043.0
1995.0	189.0
1995.0	20572.0
1995.0	6.0
1995.0	1715.0
1995.0	38182.0
1995.0	2225.0
1995.0	1719.0
1995.0	194.0
1995.0	333.0
1995.0	359.0
1995.0	1.0
1995.0	65053.0
1995.0	8.0
1995.0	33.0
1995.0	305.0
1995.0	336.0
1995.0	144.0
1995.0	28.0
1995.0	2.0
1995.0	157078.0
1995.0	3.0
1995.0	199.0
1995.0	214.0
1995.0	25014.0
1995.0	163.0
1995.0	2104.0
1995.0	13.0
1995.0	23.0
1995.0	146173.0
1995.0	2.0
1995.0	381.0
1995.0	24.0
1995.0	65829.0
1995.0	285.0
1995.0	417.0
1995.0	4.0
1995.0	129.0
1995.0	189.0
1995.0	184.0
1995.0	843.0
1995.0	198.0
1995.0	173.0
1995.0	366.0
1995.0	16.0
1995.0	457.0
1995.0	2109.0
1995.0	1.0
1995.0	286.0
1995.0	192.0
1995.0	1089.0
1995.0	7.0
1995.0	313.0
1995.0	466.0
1995.0	4.0
1996.0	2.0
1996.0	1.0
1996.0	1.0
1996.0	49612.0
1996.0	8.0
1996.0	132.0
1996.0	8692.0
1996.0	19.0
1996.0	277.0
1996.0	36.0
1996.0	16.0
1996.0	37153.0
1996.0	564.0
1996.0	1490.0
1996.0	1.0
1996.0	638798.0
1996.0	41.0
1996.0	1.0
1996.0	2.0
1996.0	35.0
1996.0	1.0
1997.0	2.0
1997.0	11012.0
1997.0	14.0
1997.0	12.0
1997.0	8338.0
1997.0	144648.0
1997.0	10643.0
1997.0	9566.0
1997.0	125.0
1997.0	475.0
1997.0	460.0
1997.0	110.0
1997.0	31428.0
1997.0	9239.0
1997.0	179.0
1997.0	597.0
1997.0	277.0
1997.0	338.0
1997.0	43.0
1997.0	233.0
1997.0	21888.0
1997.0	382.0
1997.0	269.0
1997.0	526.0
1997.0	12.0
1997.0	43135.0
1997.0	8.0
1997.0	9710.0
1997.0	11.0
1997.0	65.0
1998.0	1675.0
1999.0	44.0
2000.083	8987.0
2000.083	3.0
2000.083	282.0
2000.083	1592.0
2000.083	1445.0
2000.083	330.0
2000.083	1267.0
2000.083	17621.0
2000.083	5.0
2000.083	1233.0
2001.0	1603.0
2001.0	93.0
2001.0	38745.0
2001.0	6089.0
2001.0	468.0
2001.0	51223.0
2001.0	44563.0
2001.0	38055.0
2001.0	5.0
2001.0	21.0
2001.0	49144.0
2001.0	49465.0
2001.0	65818.0
2001.0	73.0
2001.0	1.0
2001.0	37362.0
2001.0	69727.0
2001.0	66373.0
2001.0	1.0
2001.0	90766.0
2001.0	394.0
2001.0	155.0
2001.0	63220.0
2001.0	1227.0
2001.0	1254.0
2001.0	21.0
2001.0	21.0
2001.0	11686.0
2001.0	101658.0
2001.0	49457.0
2001.0	39293.0
2001.0	31149.0
2001.0	1152.0
2001.0	1822.0
2001.0	396.0
2001.0	32144.0
2001.0	37064.0
2001.0	41137.0
2001.0	14571.0
2001.0	4857.0
2001.0	44208.0
2002.0	594.0
2002.0	8.0
2002.0	1.0
2002.833	3.0
2003.0	51.0
2003.0	12.0
2003.0	2.0
2003.0	2657.0
2003.0	2592.0
2003.0	1186.0
2003.0	1522.0
2003.0	7178.0
2003.0	8.0
2003.0	37.0
2003.0	12.0
2003.0	836.0
2003.0	1052.0
2003.0	3522.0
2003.0	536854.0
2003.0	1400.0
2003.0	1316.0
2003.0	70.0
2003.0	9.0
2004.0	27280.0
2004.0	429215.0
2004.0	2565.0
2004.0	11783.0
2004.0	1.0
2004.0	113.0
2004.0	9.0
2004.0	10.0
2004.0	1762.0
2004.0	13809.0
2004.0	3459.0
2004.0	3459.0
2004.0	3459.0
2004.0	3459.0
2004.0	3459.0
2004.0	3459.0
2004.0	13548.0
2004.0	910.0
2004.0	15502.0
2004.0	23.0
2004.0	1486.0
2004.0	2.0
2004.0	3302.0
2004.0	14490.0
2004.0	3158.0
2004.0	32.0
2004.0	3232.0
2004.0	2.0
2004.0	17065.0
2004.0	7504.0
2004.0	100.0
2004.0	161.0
2004.0	9108.0
2004.0	27022.0
2004.0	11591.0
2004.0	17501.0
2004.0	208.0
2004.0	3.0
2004.0	17842.0
2004.0	1555.0
2004.0	15182.0
2004.0	6966.0
2004.0	5904.0
2004.0	271.0
2004.0	2.0
2004.0	22.0
2004.0	45.0
2004.0	229.0
2005.0	246.0
2005.0	11.0
2005.0	12.0
2006.0	31835.0
2006.0	1.0
2006.0	2.0
2006.0	9.0
2006.0	10.0
2006.0	16.0
2006.0	22706.0
2006.0	5.0
2006.0	644.0
2006.0	5.0
2006.0	27280.0
2006.0	2048.0
2006.0	135.0
2006.0	11.0
2006.0	8.0
2006.0	40.0
2006.0	10177.0
2006.0	2272.0
2006.0	354.0
2006.0	4.0
2006.0	3434.0
2006.0	4.0
2006.0	326.0
2006.0	4657.0
2006.0	2.0
2006.0	267.0
2006.0	1822.0
2006.0	8.0
2006.0	2.0
2006.0	19321.0
2006.0	4.0
2006.0	4.0
2006.0	8.0
2006.0	11.0
2006.0	4.0
2006.0	5.0
2006.0	1532.0
2006.0	23.0
2006.0	371.0
2006.0	8.0
2006.0	3336.0
2006.0	14.0
2006.0	224.0
2006.0	13.0
2006.167	427.0
2006.167	724.0
2006.167	1030.0
2007.0	9239.0
2007.0	106.0
2007.0	146.0
2007.833	186.0
2007.833	305.0
2007.833	284.0
2007.833	194.0
2008.0	2.0
2008.0	14894.0
2008.0	206.0
2008.0	6058.0
2008.0	20.0
2008.0	2498.0
2008.0	658.0
2008.0	2.0
2008.0	15175.0
2008.0	28.0
2008.0	7.0
2008.0	10075.0
2008.0	82455.0
2008.0	153.0
2008.0	655.0
2008.0	1739.0
2008.0	580.0
2008.0	2697.0
2008.0	1.0
2008.0	1369.0
2008.0	9203.0
2008.0	1838.0
2008.0	14408.0
2008.0	594.0
2008.0	37.0
2008.0	3.0
2008.0	6.0
2008.0	1969.0
2008.0	6.0
2008.0	15356.0
2008.25	196.0
2009.0	5820.0
2009.0	5820.0
2009.0	377.0
2009.0	23.0
2009.0	31.0
2009.0	8.0
2009.0	1.0
2009.0	1141.0
2009.0	1.0
2009.0	1.0
2009.0	168.0
2009.0	216.0
2009.0	1822.0
2009.0	4.0
2009.0	11.0
2009.0	1.0
2009.0	511.0
2009.0	1.0
2009.0	195.0
2009.0	6.0
2009.0	4.0
2009.0	2.0
2009.0	303.0
2009.0	50.0
2009.0	71434.0
2009.0	1.0
2009.0	2.0
2009.0	1.0
2009.0	511.0
2009.0	118.0
2009.0	324.0
2009.0	3013.0
2009.0	12618.0
2009.0	466.0
2009.0	213.0
2009.0	11825.0
2009.0	511.0
2009.0	511.0
2009.0	3.0
2009.0	166.0
2009.0	5.0
2009.0	1089.0
2009.0	11825.0
2009.0	1.0
2009.0	2030.0
2009.0	53.0
2009.0	36.0
2009.0	53.0
2009.0	45.0
2009.0	2.0
2009.0	9651.0
2009.0	26947.0
2009.0	15.0
2009.0	1.0
2009.0	1.0
2009.0	8940.0
2009.0	1209.0
2009.0	205.0
2009.0	144.0
2009.0	170.0
2009.0	1970.0
2009.0	12618.0
2009.0	1.0
2009.0	9.0
2009.0	1088572.0
2009.0	16.0
2009.0	34.0
2009.0	1.0
2009.0	33829.0
2009.0	343.0
2009.0	150.0
2009.0	175.0
2009.0	8691.0
2009.0	33.0
2009.0	1.0
2009.0	9651.0
2009.0	1.0
2009.0	7.0
2009.0	248.0
2009.0	71434.0
2009.0	167.0
2009.0	1184.0
2009.0	1381.0
2009.0	1.0
2009.0	269.0
2009.0	1301.0
2009.0	1.0
2009.0	1.0
2009.0	16.0
2009.0	197.0
2009.0	31.0
